1 5.0 2.293250e-01
1 10.0 1.684250e-01
1 15.0 1.224729e-01
1 20.0 1.022896e-01
1 25.0 9.596250e-02
1 30.0 9.713125e-02
2 5.0 7.770208e-02
2 10.0 2.350417e-02
2 15.0 6.943750e-03
2 20.0 1.997917e-03
2 25.0 2.291667e-04
2 30.0 6.250000e-06
3 5.0 1.239573e-01
3 10.0 5.004831e-02
3 15.0 1.719909e-02
3 20.0 5.745573e-03
3 25.0 1.700000e-03
3 30.0 5.710937e-04
4 5.0 7.521406e-02
4 10.0 2.864362e-02
4 15.0 9.109766e-03
4 20.0 3.040365e-03
4 25.0 9.816406e-04
4 30.0 2.960938e-04
5 5.0 1.531513e-01
5 10.0 6.728620e-02
5 15.0 2.460326e-02
5 20.0 9.029297e-03
5 25.0 3.998047e-03
5 30.0 2.443880e-03



